255	5
244	5
134	5
132	5
130	5
130	5
130	5
131	5
130	5
137	5
141	5
128	5
128	5
126	5
125	5
126	5
128	5
127	5
125	5
126	5
126	5
126	5
128	5
127	5
126	5
126	5
127	5
126	5
125	5
127	5
127	5
126	5
125	5
125	5
125	5
130	5
125	5
125	5
126	5
131	5
126	5
127	5
125	5
125	5
127	5
127	5
125	5
126	5
126	5
127	5
127	5
127	5
126	5
127	5
127	5
127	5
127	5
126	5
126	5
126	5
126	5
126	5
126	5
125	5
126	5
126	5
133	5
175	5
131	5
125	5
226	5
125	5
126	5
125	5
126	5
125	5
126	5
134	5
127	5
159	5
126	5
125	5
125	5
126	5
127	5
128	5
126	5
126	5
126	5
125	5
125	5
126	5
126	5
126	5
127	5
127	5
131	5
128	5
126	5
127	5
485	10
479	10
374	10
369	10
370	10
366	10
369	10
368	10
368	10
374	10
374	10
369	10
363	10
363	10
366	10
363	10
362	10
363	10
364	10
363	10
368	10
363	10
364	10
449	10
368	10
534	10
374	10
369	10
370	10
365	10
368	10
364	10
364	10
363	10
362	10
364	10
422	10
371	10
367	10
365	10
368	10
364	10
361	10
362	10
1430	10
389	10
364	10
363	10
377	10
362	10
362	10
362	10
361	10
367	10
362	10
364	10
363	10
363	10
745	10
379	10
366	10
363	10
362	10
364	10
362	10
361	10
363	10
366	10
368	10
398	10
361	10
362	10
362	10
361	10
366	10
540	10
369	10
361	10
361	10
375	10
362	10
362	10
362	10
1084	10
379	10
362	10
363	10
379	10
339	10
355	10
352	10
373	10
372	10
388	10
367	10
374	10
368	10
380	10
403	10
391	10
8061	50
7958	50
7924	50
7925	50
7901	50
8024	50
8028	50
7949	50
8269	50
7983	50
8031	50
8426	50
7996	50
7190	50
4670	50
4437	50
4510	50
4435	50
4426	50
4441	50
4363	50
4539	50
4395	50
4506	50
4655	50
4455	50
4518	50
4489	50
4444	50
4379	50
4422	50
4416	50
4753	50
4697	50
4773	50
4377	50
4581	50
4800	50
4469	50
4513	50
4538	50
4428	50
4451	50
4508	50
4390	50
4549	50
4484	50
4453	50
4396	50
4356	50
4460	50
4359	50
4377	50
4482	50
4458	50
4409	50
4620	50
4820	50
4739	50
4526	50
4392	50
4456	50
4493	50
4329	50
4520	50
4409	50
4507	50
4459	50
4408	50
4547	50
4429	50
4554	50
4479	50
4625	50
4554	50
4488	50
4552	50
4437	50
4417	50
4445	50
4537	50
4495	50
4484	50
4466	50
4522	50
4484	50
4470	50
4509	50
4540	50
4439	50
4426	50
4401	50
4512	50
4382	50
4427	50
4392	50
4465	50
4370	50
4440	50
4806	50
32510	100
49919	100
32185	100
32188	100
32499	100
32668	100
32306	100
32339	100
32666	100
33822	100
31573	100
31957	100
31969	100
32752	100
32760	100
32200	100
32197	100
32174	100
34152	100
32603	100
32056	100
31880	100
32254	100
32206	100
33114	100
31890	100
31973	100
32112	100
31927	100
32010	100
31788	100
31796	100
31752	100
39038	100
31575	100
31533	100
31759	100
31468	100
31923	100
31826	100
31664	100
31350	100
31721	100
31632	100
31688	100
31773	100
36447	100
31374	100
31590	100
31672	100
31348	100
31756	100
38763	100
31551	100
31656	100
38632	100
31786	100
31439	100
31671	100
31901	100
31512	100
31872	100
31576	100
31506	100
38792	100
31554	100
31874	100
39134	100
31922	100
32027	100
31824	100
31894	100
31659	100
39140	100
31501	100
31533	100
31987	100
31729	100
31624	100
31641	100
31766	100
31360	100
31345	100
39173	100
31646	100
31978	100
38707	100
31427	100
31596	100
38545	100
31642	100
31429	100
39475	100
31513	100
31518	100
31867	100
31631	100
31819	100
39331	100
31567	100
1042055	700
972962	700
960409	700
975537	700
970050	700
997753	700
969346	700
968642	700
971303	700
970330	700
987163	700
968133	700
971825	700
971832	700
973468	700
976091	700
975131	700
973862	700
965024	700
967727	700
967071	700
969073	700
967118	700
974991	700
966472	700
964104	700
965129	700
970629	700
980613	700
980862	700
965292	700
977366	700
975338	700
971588	700
977364	700
968509	700
959114	700
965918	700
966550	700
969436	700
964232	700
975578	700
969949	700
964772	700
988603	700
966350	700
970707	700
976019	700
962292	700
967104	700
982639	700
964800	700
973087	700
981332	700
971380	700
976630	700
982088	700
972965	700
983960	700
962499	700
973652	700
978731	700
965552	700
979246	700
980053	700
992612	700
986644	700
978614	700
968740	700
979720	700
990722	700
977707	700
981103	700
981365	700
982767	700
985104	700
978739	700
993464	700
978053	700
971556	700
970314	700
974922	700
980569	700
980823	700
992628	700
981852	700
997906	700
982288	700
980186	700
989458	700
986985	700
991009	700
987234	700
989276	700
991659	700
986272	700
986546	700
993875	700
994247	700
987428	700
991461	10
928356	10
932067	10
921824	10
932415	10
955163	10
946510	10
936634	10
931138	10
930689	10
929045	10
923828	10
929901	10
929195	10
931099	10
937370	10
931470	10
928885	10
929814	10
934034	10
922583	10
931813	10
927462	10
923994	10
934919	10
934645	10
934078	10
923085	10
929053	10
927664	10
934570	10
926651	10
928343	10
927722	10
930609	10
932466	10
930485	10
919991	10
926985	10
918010	10
916725	10
928644	10
930204	10
928976	10
926961	10
923243	10
925076	10
937659	10
918663	10
929362	10
935385	10
932789	10
926164	10
919553	10
934629	10
931001	10
937908	10
929510	10
928415	10
925615	10
928198	10
929816	10
924634	10
925280	10
923021	10
927261	10
930278	10
933114	10
933497	10
935030	10
920824	10
925395	10
922122	10
933332	10
930311	10
934462	10
923138	10
932168	10
930370	10
935520	10
938474	10
933948	10
930067	10
932066	10
924356	10
929780	10
937000	10
932679	10
928591	10
922546	10
934670	10
930088	10
932469	10
934675	10
922548	10
934707	10
934511	10
935242	10
928042	10
915633	10
910328	10
837971	10
843139	10
847558	10
843699	10
840333	10
833736	10
828631	10
845185	10
850163	10
843790	10
840144	10
839016	10
861672	10
881471	10
843729	10
884763	10
870873	10
906855	10
880989	10
899682	10
858486	10
898857	10
915935	10
941917	10
867645	10
850180	10
907454	10
847931	10
888469	10
871707	10
871773	10
882898	10
917398	10
879909	10
867952	10
867133	10
847203	10
880138	10
834077	10
850448	10
882743	10
856380	10
892010	10
894972	10
885167	10
894652	10
895037	10
866154	10
865360	10
898873	10
886603	10
849636	10
885953	10
856171	10
853691	10
849601	10
850688	10
848135	10
849076	10
853105	10
847965	10
871633	10
855930	10
854476	10
851235	10
859516	10
891582	10
879716	10
869615	10
884767	10
881362	10
902448	10
881553	10
837226	10
853046	10
851887	10
859427	10
860047	10
889689	10
840733	10
836101	10
843108	10
847445	10
837532	10
839369	10
838311	10
838847	10
843503	10
839104	10
849511	10
843276	10
843896	10
841710	10
858695	10
888147	10
880217	10
889972	10
877680	10
838251	10
982012	10
886365	10
843236	10
841092	10
856607	10
838632	10
860677	10
860392	10
838114	10
